1 365 689 0
2 146 180 38
3 792 5 51
4 658 510 73
5 461 270 70
6 299 531 58
7 812 228 54
8 643 90 1
9 615 630 98
10 258 42 62
11 616 299 98
12 475 957 25
13 425 473 86
14 406 64 46
15 656 369 27
16 202 467 17
17 318 21 97
18 579 587 74
19 458 354 81
20 575 871 62
21 47 512 59
22 568 742 23
23 128 436 62
24 546 806 66
25 197 696 35
26 615 300 53
27 852 563 18
28 772 803 87
29 678 342 32
30 916 176 4
31 390 949 61
32 113 782 95
33 226 736 23
34 119 923 15
35 584 572 5
36 134 554 53
37 912 173 97
38 827 233 70
39 851 677 32
40 598 322 27
41 627 472 42
42 94 442 67
43 688 274 76
44 977 176 15
45 597 461 39
46 931 23 14
47 170 640 43
48 941 601 11
49 873 487 93
50 797 95 53
51 451 816 44
52 866 970 80
53 833 912 87
54 106 913 97
55 260 107 67
56 332 45 72
57 685 613 50
58 728 372 8
59 487 497 58
60 702 440 55
61 717 412 67
62 635 794 89
63 927 972 38
64 635 356 65
65 634 540 3
66 658 261 5
67 303 168 46
68 707 410 100
69 254 135 52
70 346 29 28
71 75 79 96
72 893 987 18
73 729 372 16
74 29 910 7
75 356 39 73
76 274 943 76
77 322 96 6
78 664 396 64
79 704 236 39
80 415 837 86
81 576 587 70
82 750 977 14
83 726 363 83
84 861 948 96
85 302 129 43
86 415 989 12
87 199 135 73
88 801 405 2
89 679 426 21
90 994 804 18
91 311 116 55
92 739 898 75
93 268 97 68
94 176 991 100
95 688 588 61
96 107 836 24
97 708 522 40
98 679 864 48
99 985 877 51
100 954 950 78
101 615 750 35